0 1
0 2
0 18
0 19
0 20
0 22
0 24
0 25
0 28
0 29
0 30
0 31
0 32
0 33
0 34
0 35
0 39
0 40
0 43
0 45
0 46
0 47
0 48
1 0
1 2
1 9
1 18
1 19
1 20
1 28
1 29
1 30
1 31
1 32
1 33
1 34
1 35
1 37
1 39
1 40
1 43
1 45
1 46
1 47
1 48
2 0
2 1
2 9
2 18
2 19
2 31
2 32
2 34
2 35
2 37
2 45
2 47
2 48
3 4
3 5
3 6
3 7
3 8
3 10
3 11
3 29
3 30
3 36
3 37
3 38
3 43
3 44
3 45
3 46
4 3
4 5
4 6
4 7
4 8
4 9
4 10
4 11
4 29
4 30
4 35
4 36
4 37
4 38
4 43
4 44
4 45
4 46
5 3
5 4
5 6
5 7
5 8
5 10
5 11
5 19
5 24
5 25
5 28
5 29
5 30
5 32
5 36
5 38
5 41
5 43
5 44
5 45
5 46
5 47
6 3
6 4
6 5
6 7
6 8
6 10
6 11
6 29
6 30
6 36
6 37
6 38
6 41
6 43
6 44
6 45
6 46
7 3
7 4
7 5
7 6
7 8
7 9
7 10
7 11
7 12
7 16
7 23
7 24
7 25
7 28
7 29
7 30
7 35
7 36
7 37
7 38
7 41
7 43
7 44
7 45
7 46
7 47
8 3
8 4
8 5
8 6
8 7
8 9
8 10
8 11
8 12
8 13
8 14
8 15
8 16
8 17
8 22
8 23
8 24
8 25
8 28
8 29
8 30
8 36
8 37
8 38
8 41
8 43
8 44
8 45
8 46
8 48
9 1
9 2
9 4
9 7
9 8
9 10
9 11
9 12
9 13
9 14
9 15
9 16
9 17
9 18
9 20
9 21
9 22
9 23
9 24
9 25
9 28
9 31
9 35
9 37
9 38
9 39
9 41
9 45
9 48
10 3
10 4
10 5
10 6
10 7
10 8
10 9
10 11
10 12
10 13
10 14
10 15
10 16
10 17
10 22
10 23
10 24
10 25
10 28
10 29
10 30
10 36
10 37
10 38
10 41
10 43
10 44
10 45
10 46
11 3
11 4
11 5
11 6
11 7
11 8
11 9
11 10
11 12
11 13
11 14
11 15
11 16
11 17
11 18
11 19
11 20
11 21
11 22
11 23
11 24
11 25
11 26
11 27
11 28
11 29
11 37
11 38
11 39
11 41
11 42
11 43
11 44
11 45
11 48
12 7
12 8
12 9
12 10
12 11
12 13
12 14
12 15
12 16
12 17
12 20
12 21
12 22
12 23
12 24
12 25
12 26
12 27
12 28
12 37
12 38
12 41
12 42
13 8
13 9
13 10
13 11
13 12
13 14
13 15
13 16
13 17
13 21
13 22
13 23
13 24
13 25
13 26
13 27
13 37
13 38
13 41
13 42
14 8
14 9
14 10
14 11
14 12
14 13
14 15
14 16
14 17
14 21
14 22
14 23
14 24
14 25
14 26
14 27
14 37
14 41
14 42
15 8
15 9
15 10
15 11
15 12
15 13
15 14
15 16
15 17
15 21
15 22
15 23
15 24
15 25
15 26
15 27
15 37
15 38
15 41
15 42
16 7
16 8
16 9
16 10
16 11
16 12
16 13
16 14
16 15
16 17
16 20
16 21
16 22
16 23
16 24
16 25
16 26
16 27
16 28
16 37
16 38
16 39
16 41
16 42
17 8
17 9
17 10
17 11
17 12
17 13
17 14
17 15
17 16
17 20
17 21
17 22
17 23
17 24
17 25
17 26
17 27
17 28
17 37
17 38
17 39
17 40
17 41
17 42
18 0
18 1
18 2
18 9
18 11
18 19
18 20
18 21
18 22
18 23
18 24
18 25
18 28
18 29
18 30
18 31
18 32
18 33
18 34
18 35
18 37
18 39
18 40
18 41
18 43
18 45
18 46
18 47
18 48
19 0
19 1
19 2
19 5
19 11
19 18
19 19
19 20
19 21
19 22
19 23
19 24
19 25
19 28
19 29
19 30
19 32
19 33
19 34
19 35
19 39
19 40
19 41
19 43
19 45
19 46
19 47
20 0
20 1
20 9
20 11
20 12
20 16
20 17
20 18
20 19
20 21
20 22
20 23
20 24
20 25
20 28
20 31
20 33
20 34
20 39
20 40
20 41
21 9
21 11
21 12
21 13
21 14
21 15
21 16
21 17
21 18
21 19
21 20
21 22
21 23
21 24
21 25
21 26
21 27
21 28
21 33
21 34
21 39
21 40
21 41
21 42
22 0
22 8
22 9
22 10
22 11
22 12
22 13
22 14
22 15
22 16
22 17
22 18
22 19
22 20
22 21
22 23
22 24
22 25
22 26
22 27
22 28
22 29
22 33
22 34
22 37
22 39
22 40
22 41
22 42
22 43
23 7
23 8
23 9
23 10
23 11
23 12
23 13
23 14
23 15
23 16
23 17
23 18
23 19
23 20
23 21
23 22
23 23
23 24
23 25
23 26
23 27
23 28
23 29
23 37
23 38
23 39
23 40
23 41
23 42
23 43
23 44
23 45
24 0
24 5
24 7
24 8
24 9
24 10
24 11
24 12
24 13
24 14
24 15
24 16
24 17
24 18
24 19
24 20
24 21
24 22
24 23
24 24
24 25
24 27
24 28
24 29
24 33
24 37
24 38
24 39
24 40
24 41
24 42
24 43
24 44
24 45
25 0
25 5
25 7
25 8
25 9
25 10
25 11
25 12
25 13
25 14
25 15
25 16
25 17
25 18
25 19
25 20
25 21
25 22
25 23
25 24
25 27
25 28
25 29
25 37
25 38
25 39
25 40
25 41
25 42
25 43
25 44
25 45
26 11
26 12
26 13
26 14
26 15
26 16
26 17
26 21
26 22
26 23
26 27
26 42
27 11
27 12
27 13
27 14
27 15
27 16
27 17
27 21
27 22
27 23
27 24
27 25
27 26
27 42
28 0
28 1
28 5
28 7
28 8
28 9
28 10
28 11
28 12
28 16
28 17
28 18
28 19
28 20
28 21
28 22
28 23
28 24
28 25
28 29
28 30
28 32
28 33
28 34
28 35
28 36
28 37
28 38
28 39
28 40
28 41
28 43
28 44
28 45
28 46
28 47
29 0
29 1
29 3
29 4
29 5
29 6
29 7
29 8
29 10
29 11
29 18
29 19
29 22
29 23
29 24
29 25
29 28
29 30
29 32
29 33
29 35
29 36
29 38
29 39
29 41
29 43
29 44
29 45
29 46
29 47
30 0
30 1
30 3
30 4
30 5
30 6
30 7
30 8
30 10
30 18
30 19
30 28
30 29
30 32
30 35
30 36
30 38
30 41
30 43
30 44
30 45
30 46
30 47
31 0
31 1
31 2
31 9
31 18
31 20
31 34
31 35
31 40
31 48
32 0
32 1
32 2
32 5
32 18
32 19
32 28
32 29
32 30
32 33
32 34
32 35
32 36
32 39
32 43
32 45
32 46
32 47
33 0
33 1
33 18
33 19
33 20
33 21
33 22
33 24
33 28
33 29
33 32
33 34
33 39
33 40
33 43
33 47
34 0
34 1
34 2
34 18
34 19
34 20
34 21
34 22
34 28
34 31
34 32
34 33
34 34
34 35
34 39
34 40
34 47
34 48
35 0
35 1
35 2
35 4
35 7
35 9
35 18
35 19
35 28
35 29
35 30
35 31
35 32
35 34
35 37
35 43
35 45
35 46
35 47
35 48
36 3
36 4
36 5
36 6
36 7
36 8
36 10
36 28
36 29
36 30
36 32
36 37
36 38
36 41
36 43
36 44
36 45
36 46
36 47
37 1
37 2
37 3
37 4
37 6
37 7
37 8
37 9
37 10
37 11
37 12
37 13
37 14
37 15
37 16
37 17
37 18
37 22
37 23
37 24
37 25
37 28
37 35
37 36
37 38
37 41
37 43
37 45
37 46
37 48
38 3
38 4
38 5
38 6
38 7
38 8
38 9
38 10
38 11
38 12
38 13
38 15
38 16
38 17
38 23
38 24
38 25
38 28
38 29
38 30
38 36
38 37
38 41
38 43
38 44
38 45
38 46
39 0
39 1
39 9
39 11
39 16
39 17
39 18
39 19
39 20
39 21
39 22
39 23
39 24
39 25
39 28
39 29
39 32
39 33
39 34
39 40
39 41
39 43
39 47
40 0
40 1
40 17
40 18
40 19
40 20
40 21
40 22
40 23
40 24
40 25
40 28
40 31
40 33
40 34
40 39
41 5
41 6
41 7
41 8
41 9
41 10
41 11
41 12
41 13
41 14
41 15
41 16
41 17
41 18
41 19
41 20
41 21
41 22
41 23
41 24
41 25
41 28
41 29
41 30
41 36
41 37
41 38
41 39
41 43
41 44
41 45
42 11
42 12
42 13
42 14
42 15
42 16
42 17
42 21
42 22
42 23
42 24
42 25
42 26
42 27
43 0
43 1
43 3
43 4
43 5
43 6
43 7
43 8
43 10
43 11
43 18
43 19
43 22
43 23
43 24
43 25
43 28
43 29
43 30
43 32
43 33
43 35
43 36
43 37
43 38
43 39
43 41
43 43
43 44
43 45
43 46
43 47
44 3
44 4
44 5
44 6
44 7
44 8
44 10
44 11
44 23
44 24
44 25
44 28
44 29
44 30
44 36
44 38
44 41
44 43
44 45
44 46
45 0
45 1
45 2
45 3
45 4
45 5
45 6
45 7
45 8
45 9
45 10
45 11
45 18
45 19
45 23
45 24
45 25
45 28
45 29
45 30
45 32
45 35
45 36
45 37
45 38
45 41
45 43
45 44
45 46
45 47
45 48
46 0
46 1
46 3
46 4
46 5
46 6
46 7
46 8
46 10
46 18
46 19
46 28
46 29
46 30
46 32
46 35
46 36
46 37
46 38
46 43
46 44
46 45
46 47
47 0
47 1
47 2
47 5
47 7
47 18
47 19
47 28
47 29
47 30
47 32
47 33
47 34
47 35
47 36
47 39
47 43
47 45
47 46
47 48
48 0
48 1
48 2
48 8
48 9
48 11
48 18
48 31
48 34
48 35
48 37
48 45
48 47
